0.5083333333333333
0.49833333333333335
0.5316666666666666
0.53375
0.5433333333333333
0.5694444444444445
0.5719047619047618
0.5604166666666667
0.5681481481481481
0.5758333333333334
0.578030303030303
0.5720833333333334
0.5888461538461539
0.58
0.586111111111111
0.590625
0.592156862745098
0.5775925925925925
0.5957017543859648
0.5840000000000001
0.5860317460317461
0.6016666666666667
0.5991304347826087
0.59375
0.5972666666666666
0.5959615384615385
0.5917901234567902
0.6052976190476189
0.5991379310344828
0.6036111111111111
0.5988709677419355
0.6071354166666667
0.6008585858585859
0.6138235294117648
0.6052857142857143
0.6095833333333333
0.6108108108108108
0.5999561403508773
0.6101709401709402
0.5999166666666667
0.6034959349593496
0.6146428571428572
0.6284496124031008
0.6206439393939394
0.627925925925926
0.6237681159420291
0.6224468085106384
0.6226736111111111
0.629421768707483
0.6166333333333334
0.6175816993464052
0.6190384615384615
0.6323270440251574
0.6191049382716051
0.618181818181818
0.6322321428571429
0.6243567251461989
0.6231609195402299
0.6283333333333334
0.6214444444444445
0.6278142076502732
0.6177150537634408
0.635132275132275
0.6370833333333333
0.6383076923076922
0.635429292929293
0.6262437810945274
0.6301225490196078
0.6318115942028987
0.6345000000000001
0.6376291079812206
0.6387268518518519
0.6396803652968036
0.6387162162162161
0.6331111111111111
0.6382675438596491
0.6422727272727274
0.6406410256410255
0.6483333333333334
0.6389583333333333
0.6377160493827161
0.6546544715447153
0.6399196787148594
0.6450198412698414
0.6444509803921569
0.6460077519379844
0.6427203065134101
0.6486363636363636
0.6459737827715357
0.6487962962962963
0.6492857142857142
0.6472282608695652
0.6451254480286737
0.6474113475177306
0.6508070175438597
0.658767361111111
0.6527835051546392
0.6478741496598639
0.6459259259259258
0.6534833333333333
0.6504950495049505
0.65359477124183
0.661326860841424
0.6562660256410257
0.6535873015873016
0.6555817610062891
0.6554205607476636
0.6515895061728395
0.6550611620795106
0.6634848484848485
0.6533633633633635
0.6545535714285714
0.6653244837758111
0.6589181286549708
0.658217391304348
0.6544252873563219
0.6563247863247864
0.6567090395480227
0.659719887955182
0.6580138888888889
0.6576308539944903
0.6570901639344262
0.6683333333333334
0.6582526881720429
0.6654933333333333
0.6630555555555555
0.6573359580052494
0.6555598958333333
0.6635012919896641
0.6617307692307692
0.6662468193384224
0.6595075757575758
0.6691604010025063
0.6644029850746269
0.6638395061728396
0.6609681372549021
0.666058394160584
0.6664734299516908
0.6630455635491607
0.6701547619047621
0.6629432624113475
0.6690610328638498
0.6736713286713287
0.6691203703703703
0.6685057471264368
0.6744634703196347
0.6709637188208616
0.6774887387387388
0.6696085011185683
0.6727555555555556
0.6708057395143487
0.6699451754385966
0.671557734204793
0.6716341991341992
0.6734838709677419
0.6747222222222222
0.6690233545647558
0.6744936708860759
0.6712578616352202
0.6760937499999999
0.6773809523809524
0.6684979423868314
0.6728323108384457
0.675528455284553
0.6766666666666667
0.6747590361445783
0.6739121756487025
0.6716666666666666
0.6716863905325444
0.6761666666666666
0.6718518518518518
0.6754360465116279
0.6740269749518304
0.6762643678160919
0.6802857142857144
0.6790814393939394
0.6755743879472693
0.6802621722846443
0.6734916201117318
0.6865
0.6797513812154696
0.6783791208791208
0.6779872495446265
0.6760144927536231
0.6789369369369369
0.6738978494623656
0.6817914438502674
0.677686170212766
0.6855291005291005
0.6791140350877193
0.679938917975567
0.6774999999999999
0.677098445595855
0.6813745704467352
0.6825726495726495
0.6806462585034013
0.6831725888324873
0.6799326599326599
0.6828056951423785
0.6862916666666666
0.6783167495854064
0.6840924092409241
0.6858292282430213
0.6808169934640522
0.6839186991869918
0.6834223300970874
0.6792109500805152
0.690576923076923
0.6835566188197766
0.6871984126984128
0.6864454976303316
0.6817531446540881
0.6842175273865415
0.6830373831775701
0.6820232558139534
0.6832870370370371
0.689216589861751
0.6892048929663609
0.6890182648401827
0.6904242424242425
0.6863499245852187
0.6914114114114115
0.6777354260089685
0.6814360119047619
0.6836962962962962
0.6832300884955752
0.6900954478707783
0.6918274853801167
0.6849636098981078
0.687057971014493
0.6865440115440116
0.6918965517241379
0.6862517882689556
0.6921011396011396
0.6924184397163119
0.6874505649717515
0.6912658227848101
0.6879271708683473
0.6849372384937238
0.6900208333333334
0.6930912863070541
0.6858471074380164
0.6936968449931412
0.6892213114754099
0.6910136054421769
0.6912262872628726
0.688238866396761
0.6911760752688172
0.6939692101740293
0.6954866666666667
0.6937250996015937
0.6998082010582011
0.6907444005270091
0.6910958005249344
0.6934771241830066
0.6963411458333334
0.6929896238651102
0.6957299741602067
0.6919626769626771
0.6967820512820513
0.6908748403575989
0.6909541984732823
0.692699619771863
0.6918623737373738
0.6952201257861635
0.698828320802005
0.6922596754057428
0.6952674129353233
0.6969888475836432
0.6921172839506173
0.6985731857318573
0.693186274509804
0.6941147741147741
0.693102189781022
0.6973515151515152
0.6983152173913044
0.692202166064982
0.6985131894484412
0.6983094384707288
0.6960119047619048
0.7003618030842229
0.6979432624113475
0.6951648998822144
0.6989201877934272
0.6908596491228071
0.6976282051282051
0.6946806039488966
0.7008622685185185
0.697843137254902
0.6960747126436782
0.6975085910652922
0.6977454337899544
0.69820819112628
0.6989569160997732
0.7015988700564971
0.6997691441441442
0.700925925925926
0.69753355704698
0.6991304347826087
0.7007833333333333
0.7015393133997785
0.6962913907284767
0.7035808580858086
0.6979111842105263
0.7035573770491803
0.6996023965141611
0.6999619978284473
0.6991829004329005
0.7015264293419633
0.7026881720430108
0.6971168274383709
0.6978952991452991
0.6976730564430245
0.6967940552016986
0.7011058201058202
0.6955959915611815
0.6978759200841219
0.7052148846960168
0.7007628004179729
0.6946302083333333
0.7009190031152647
0.7012060041407868
0.7065737874097007
0.703261316872428
0.6995641025641026
0.7018967280163599
0.6991437308868501
0.7022256097560975
0.7007446808510639
0.698489898989899
0.7040634441087613
0.7022088353413655
0.7057957957957958
0.6976596806387225
0.7037512437810945
0.7037748015873015
0.7006726013847675
0.6980769230769233
0.7011160275319568
0.7073480392156862
0.7060068426197459
0.6999269005847953
0.7032993197278912
0.706812015503876
0.7055217391304349
0.7030154142581888
0.7018251681075889
0.7021024904214559
0.7043266475644698
0.705152380952381
0.7063532763532763
0.7043560606060606
0.7063833805476865
0.7040866290018831
0.7046103286384976
0.7087359550561798
0.705999066293184
0.7039804469273743
0.7013231197771587
0.7027546296296296
0.7030794090489382
0.7048941068139962
0.7037281910009183
0.7087179487179488
0.7058995433789954
0.7043943533697631
0.7055495004541326
0.6997146739130435
0.7065447154471546
0.7076216216216218
0.702466307277628
0.7081227598566308
0.7019034852546917
0.7070276292335118
0.7069911111111111
0.7040647163120568
0.7089124668435013
0.7103571428571428
0.7070844327176782
0.7052719298245614
0.7048337707786526
0.710174520069808
0.7077110530896432
0.70421875
0.7091038961038961
0.706321243523316
0.7049784668389321
0.7088015463917525
0.7089160239931448
0.708923076923077
0.7078260869565217
0.7072321428571429
0.710089058524173
0.705977157360406
0.7070210970464136
0.7086111111111112
0.7058144416456759
0.711608040201005
0.7082080200501254
