0.49166666666666664
0.5016666666666667
0.5472222222222222
0.5325
0.5369999999999999
0.5672222222222222
0.5542857142857143
0.5664583333333333
0.5646296296296296
0.5723333333333334
0.5813636363636363
0.5706944444444444
0.5767948717948719
0.5742857142857144
0.5706666666666667
0.5883333333333334
0.6066666666666667
0.5893518518518519
0.589561403508772
0.5907500000000001
0.5913492063492064
0.588409090909091
0.5981884057971015
0.608125
0.5973333333333334
0.5957692307692308
0.6088888888888888
0.6063690476190475
0.5971264367816091
0.6020555555555556
0.6071505376344086
0.5971875
0.6092424242424241
0.6034313725490196
0.6102857142857142
0.6168055555555555
0.6177927927927929
0.6107456140350876
0.6135042735042736
0.6192916666666666
0.6145934959349594
0.6102380952380952
0.6183720930232558
0.6156818181818181
0.6288888888888889
0.6172463768115942
0.625531914893617
0.6260416666666666
0.6230272108843538
0.6133666666666666
0.6247058823529412
0.6216987179487179
0.6285220125786165
0.6221913580246914
0.6257272727272727
0.620892857142857
0.6264035087719297
0.6362068965517241
0.6228531073446328
0.6288333333333331
0.6326229508196721
0.6279301075268816
0.6350529100529101
0.6343749999999999
0.6305384615384616
0.6277777777777779
0.635870646766169
0.6345098039215686
0.636545893719807
0.6384761904761904
0.638568075117371
0.6371064814814815
0.6418264840182649
0.6363063063063062
0.6301555555555557
0.6415570175438596
0.6376623376623377
0.6420940170940171
0.6424894514767931
0.64275
0.6438271604938272
0.6336585365853659
0.6396586345381525
0.6403373015873015
0.6437058823529412
0.6503100775193799
0.6495977011494253
0.6532007575757576
0.6432584269662921
0.6493518518518518
0.645018315018315
0.6513043478260869
0.6485304659498209
0.649822695035461
0.6490350877192983
0.6435937500000001
0.6602577319587629
0.6511054421768708
0.6565656565656567
0.6473666666666666
0.6474422442244223
0.6551797385620913
0.6511326860841425
0.6544551282051282
0.6581904761904763
0.6487578616352201
0.6544080996884736
0.6609413580246913
0.6498012232415902
0.6506060606060605
0.6536936936936936
0.6520238095238096
0.6583628318584072
0.6594590643274854
0.658695652173913
0.6594540229885058
0.6582763532763531
0.6577259887005649
0.6584873949579834
0.6677222222222222
0.6653305785123967
0.6690573770491802
0.6648644986449865
0.6628360215053766
0.6659599999999999
0.6651719576719577
0.6532020997375328
0.6590494791666667
0.6683720930232558
0.6573846153846155
0.6674045801526717
0.6624621212121212
0.6670802005012532
0.6582960199004975
0.6674814814814816
0.6639338235294117
0.667007299270073
0.6709178743961351
0.664568345323741
0.6641071428571428
0.6627068557919622
0.6628286384976526
0.6727972027972029
0.6668055555555555
0.6674137931034483
0.6695776255707762
0.6675736961451247
0.6640202702702703
0.6736017897091723
0.6708
0.6701545253863135
0.6672916666666666
0.6720261437908497
0.6718614718614718
0.6742150537634409
0.6722970085470086
0.671687898089172
0.6686286919831222
0.6717714884696017
0.6764791666666666
0.6705072463768115
0.6705864197530864
0.6725460122699386
0.676229674796748
0.6766363636363636
0.6759738955823293
0.6739720558882235
0.6755952380952381
0.6715680473372782
0.674343137254902
0.677729044834308
0.6775193798449614
0.6737379576107901
0.6700862068965519
0.6782095238095238
0.6732954545454546
0.6684745762711864
0.6799250936329588
0.6717411545623836
0.6775833333333334
0.6682596685082873
0.6816300366300366
0.6813387978142076
0.679909420289855
0.6798648648648649
0.679068100358423
0.6779679144385027
0.6796453900709221
0.6776366843033511
0.6785614035087718
0.680933682373473
0.6822569444444445
0.6802331606217616
0.682061855670103
0.6863418803418805
0.6809438775510204
0.6790862944162435
0.6811952861952862
0.6821524288107202
0.6816333333333333
0.6840878938640133
0.6786138613861387
0.6848275862068967
0.6745669934640522
0.6836504065040651
0.6831310679611651
0.681328502415459
0.6874198717948717
0.6817224880382776
0.6876984126984128
0.6854897314375987
0.6867924528301887
0.6786384976525821
0.6844158878504671
0.6880155038759691
0.6844521604938272
0.6850537634408602
0.6875382262996942
0.6908980213089803
0.6896363636363635
0.6810105580693816
0.6880855855855855
0.6857922272047833
0.6893675595238096
0.6803851851851851
0.6848598820058998
0.6861674008810572
0.6839912280701754
0.6933042212518195
0.6843695652173912
0.6890043290043291
0.690646551724138
0.6907653791130187
0.6887321937321939
0.6876595744680851
0.6947740112994352
0.6875949367088606
0.6900700280112044
0.6879916317991632
0.6887291666666667
0.687268326417704
0.6914669421487605
0.6924897119341563
0.6904371584699452
0.691482993197279
0.6909688346883469
0.6902496626180836
0.691491935483871
0.6898929049531459
0.6859200000000001
0.68800796812749
0.6892129629629629
0.6945059288537548
0.6943503937007873
0.7001437908496732
0.691328125
0.6883398184176395
0.6934819121447029
0.6944144144144145
0.6898076923076922
0.6904725415070243
0.6904961832061067
0.6886311787072243
0.6940593434343434
0.695622641509434
0.69062656641604
0.6928277153558053
0.6939987562189055
0.6953903345724907
0.6946604938271606
0.698050430504305
0.6944669117647059
0.6911233211233212
0.693345498783455
0.6930787878787878
0.691298309178744
0.6986642599277977
0.6823501199040767
0.6970370370370371
0.6968690476190477
0.6919869513641755
0.6953250591016548
0.6971967020023557
0.696449530516432
0.701374269005848
0.6996445221445221
0.6984436701509872
0.6963483796296297
0.697358708189158
0.6952701149425288
0.6973424971363116
0.6949942922374429
0.6978612059158135
0.697857142857143
0.6970677966101695
0.6982376126126126
0.7040460157126823
0.7009116331096197
0.7009420289855072
0.6983722222222223
0.6995625692137319
0.7027041942604856
0.6961441144114412
0.697593201754386
0.6993169398907103
0.6961437908496731
0.6991639522258415
0.695698051948052
0.6998651564185544
0.7050913978494623
0.6996463022508038
0.7009722222222222
0.699084132055378
0.7037154989384288
0.7031216931216931
0.7020727848101267
0.6992376445846479
0.6980345911949686
0.6946342737722048
0.6981979166666668
0.7036033229491173
0.7059937888198758
0.6983384932920537
0.6983744855967078
0.7005692307692307
0.7028783231083844
0.7035423037716616
0.7015548780487806
0.703966565349544
0.7027323232323233
0.7052517623363544
0.7008333333333333
0.7016416416416416
0.7021107784431139
0.701865671641791
0.7026884920634922
0.7003560830860535
0.7018244575936884
0.7040757128810227
0.7031813725490196
0.7063489736070382
0.7077875243664717
0.7080174927113703
0.7009835271317829
0.7065265700483092
0.6997206165703276
0.7021181556195966
0.7023180076628354
0.7030324737344795
0.7062142857142858
0.7050189933523267
0.7064346590909092
0.7034372049102927
0.7034039548022599
0.7046150234741785
0.7022425093632959
0.7096125116713352
0.7050372439478586
0.702205199628598
0.7017916666666667
0.7072576177285319
0.7023802946593002
0.7035858585858586
0.7074038461538462
0.7097534246575342
0.7063251366120218
0.7075522252497728
0.7040307971014492
0.698992773261066
0.7084504504504504
0.7076909254267745
0.7034543010752689
0.7083065236818588
0.7066978609625668
0.7094044444444444
0.7048271276595744
0.7055216622458003
0.7071472663139329
0.7043799472295514
0.7066973684210526
0.7037970253718284
0.7086998254799302
0.7089556135770235
0.7061067708333333
0.7081991341991342
0.7013644214162349
0.7104048234280793
0.7025042955326462
0.7060539845758355
0.7058376068376068
0.7086146632566072
0.7091326530612245
0.7100424088210349
0.7074873096446701
0.7068691983122364
0.7081060606060606
0.708408900083963
0.709501675041876
0.7070258980785297
