0.585
0.57
0.61
0.599375
0.573
0.594583333333
0.617857142857
0.61875
0.598888888889
0.6055
0.554772727273
0.592291666667
0.580769230769
0.591964285714
0.5825
0.59265625
0.6075
0.606388888889
0.5975
0.6085
0.58119047619
0.609431818182
0.596413043478
0.601041666667
0.6226
0.61625
0.615277777778
0.592767857143
0.621896551724
0.592083333333
0.617258064516
0.6246875
0.623181818182
0.620367647059
0.627642857143
0.599722222222
0.630067567568
0.624473684211
0.634487179487
0.64625
0.635426829268
0.644523809524
0.638023255814
0.665170454545
0.636555555556
0.647010869565
0.647659574468
0.65671875
0.678724489796
0.64095
0.657941176471
0.663317307692
0.666179245283
0.667037037037
0.658409090909
0.680892857143
0.668070175439
0.661767241379
0.660677966102
0.676583333333
0.672295081967
0.684274193548
0.692380952381
0.6787890625
0.698884615385
0.67821969697
0.673955223881
0.680551470588
0.69134057971
0.68375
0.683415492958
0.680138888889
0.68551369863
0.683175675676
0.693033333333
0.692993421053
0.69224025974
0.698012820513
0.685537974684
0.6996875
0.691512345679
0.709664634146
0.702289156627
0.69318452381
0.692
0.70523255814
0.730488505747
0.691988636364
0.695505617978
0.729333333333
0.696840659341
0.722798913043
0.715161290323
0.692872340426
0.7195
0.715026041667
0.71368556701
0.705510204082
0.714242424242
0.7177
0.713564356436
0.707083333333
0.70536407767
0.721875
0.710047619048
0.70054245283
0.729252336449
0.711064814815
0.709243119266
0.727090909091
0.722747747748
0.72390625
0.726084070796
0.715877192982
0.735565217391
0.726185344828
0.732264957265
0.747033898305
0.732331932773
0.7315625
0.745661157025
0.735512295082
0.722845528455
0.73377016129
0.73338
0.737599206349
0.731456692913
0.74052734375
0.731414728682
0.732346153846
0.741011450382
0.741931818182
0.738496240602
0.739291044776
0.718240740741
0.748860294118
0.73852189781
0.75027173913
0.738165467626
0.735714285714
0.748475177305
0.751866197183
0.737307692308
0.736284722222
0.737431034483
0.745547945205
0.756649659864
0.742111486486
0.747248322148
0.756666666667
0.757350993377
0.745970394737
0.750767973856
0.754724025974
0.750129032258
0.759471153846
0.752308917197
0.756392405063
0.749732704403
0.752875
0.753602484472
0.753888888889
0.745475460123
0.747454268293
0.750727272727
0.760240963855
0.740913173653
0.757663690476
0.763076923077
0.744779411765
0.751301169591
0.761075581395
0.751184971098
0.753635057471
0.771
0.760553977273
0.747641242938
0.758412921348
0.764273743017
0.761041666667
0.765635359116
0.744423076923
0.747568306011
0.772472826087
0.754067567568
0.768185483871
0.767820855615
0.763085106383
0.763835978836
0.756697368421
0.760719895288
0.751328125
0.765841968912
0.76050257732
0.769064102564
0.75556122449
0.774708121827
0.764646464646
0.771344221106
