0.59
0.59625
0.601666666667
0.60625
0.588
0.610833333333
0.626428571429
0.628125
0.605277777778
0.6245
0.573181818182
0.590208333333
0.591730769231
0.616607142857
0.611166666667
0.605
0.634705882353
0.626527777778
0.628552631579
0.6405
0.598095238095
0.639886363636
0.638369565217
0.641354166667
0.6531
0.645192307692
0.633148148148
0.644642857143
0.650603448276
0.624916666667
0.652258064516
0.663125
0.65303030303
0.647426470588
0.654285714286
0.634166666667
0.661486486486
0.667105263158
0.664743589744
0.6779375
0.686768292683
0.676785714286
0.678895348837
0.695965909091
0.677555555556
0.690380434783
0.694840425532
0.689010416667
0.711326530612
0.68225
0.691225490196
0.699807692308
0.710330188679
0.71212962963
0.694590909091
0.719598214286
0.701403508772
0.709310344828
0.695466101695
0.721833333333
0.705532786885
0.719959677419
0.723888888889
0.7264453125
0.742307692308
0.712916666667
0.715111940299
0.728602941176
0.739891304348
0.72
0.724683098592
0.724652777778
0.724931506849
0.731790540541
0.7301
0.737171052632
0.723961038961
0.737403846154
0.727215189873
0.7425
0.731820987654
0.76262195122
0.746506024096
0.733452380952
0.731588235294
0.737761627907
0.763017241379
0.7321875
0.737078651685
0.758944444444
0.75021978022
0.746847826087
0.755591397849
0.735372340426
0.760473684211
0.752994791667
0.746443298969
0.742040816327
0.752247474747
0.75205
0.749405940594
0.743553921569
0.739077669903
0.7534375
0.747166666667
0.740801886792
0.765443925234
0.754513888889
0.754036697248
0.767090909091
0.764211711712
0.759553571429
0.764159292035
0.749298245614
0.773239130435
0.764288793103
0.774636752137
0.781186440678
0.769411764706
0.777458333333
0.782128099174
0.774323770492
0.764288617886
0.766008064516
0.77356
0.779900793651
0.765767716535
0.77904296875
0.769089147287
0.769019230769
0.774732824427
0.784356060606
0.773402255639
0.776436567164
0.755351851852
0.7771875
0.774160583942
0.780126811594
0.770755395683
0.764517857143
0.784769503546
0.791954225352
0.770506993007
0.77640625
0.77374137931
0.790462328767
0.783911564626
0.778834459459
0.780167785235
0.79435
0.788956953642
0.779194078947
0.786846405229
0.792516233766
0.788596774194
0.794791666667
0.782722929936
0.790506329114
0.785660377358
0.787765625
0.78900621118
0.784552469136
0.781579754601
0.786158536585
0.786106060606
0.794563253012
0.774161676647
0.790074404762
0.793964497041
0.783147058824
0.789122807018
0.793895348837
0.788323699422
0.792356321839
0.8083
0.79671875
0.781285310734
0.796797752809
0.798002793296
0.796583333333
0.806436464088
0.781881868132
0.783551912568
0.809144021739
0.789202702703
0.804233870968
0.808114973262
0.798377659574
0.791164021164
0.795078947368
0.794096858639
0.784947916667
0.800090673575
0.793350515464
0.801833333333
0.792206632653
0.810520304569
0.799835858586
0.804547738693
