0.5425
0.51125
0.556666666667
0.54
0.6
0.58625
0.579285714286
0.5671875
0.588333333333
0.5525
0.556136363636
0.566875
0.562884615385
0.581785714286
0.5475
0.545
0.562647058824
0.569166666667
0.548157894737
0.564125
0.572142857143
0.56
0.556630434783
0.573020833333
0.5601
0.553846153846
0.557407407407
0.541875
0.570689655172
0.5545
0.550806451613
0.541171875
0.540984848485
0.546985294118
0.534357142857
0.545277777778
0.535202702703
0.539342105263
0.541474358974
0.5410625
0.539512195122
0.529404761905
0.55511627907
0.530340909091
0.528666666667
0.542336956522
0.526382978723
0.526302083333
0.545408163265
0.5246
0.53068627451
0.537644230769
0.537830188679
0.532407407407
0.534636363636
0.527946428571
0.529736842105
0.523879310345
0.529872881356
0.5285
0.539385245902
0.527419354839
0.53376984127
0.531640625
0.535192307692
0.53178030303
0.546791044776
0.535698529412
0.531014492754
0.525392857143
0.525105633803
0.532118055556
0.527020547945
0.535506756757
0.533333333333
0.534703947368
0.527305194805
0.524743589744
0.529936708861
0.5328125
0.520339506173
0.533993902439
0.529969879518
0.529791666667
0.529382352941
0.535697674419
0.52433908046
0.521505681818
0.520028089888
0.529
0.535357142857
0.532445652174
0.527661290323
0.52164893617
0.525315789474
0.531927083333
0.53881443299
0.529056122449
0.528737373737
0.5248
0.52051980198
0.524387254902
0.52067961165
0.527692307692
0.530047619048
0.523938679245
0.525654205607
0.528009259259
0.525711009174
0.527568181818
0.526418918919
0.523816964286
0.531305309735
0.517894736842
0.52547826087
0.53
0.525833333333
0.525402542373
0.532163865546
0.522375
0.52847107438
0.524508196721
0.522682926829
0.52752016129
0.52524
0.52628968254
0.52905511811
0.5264453125
0.528720930233
0.519692307692
0.525591603053
0.523598484848
0.531390977444
0.529496268657
0.528185185185
0.532757352941
0.530638686131
0.528949275362
0.531924460432
0.527196428571
0.540425531915
0.518538732394
0.52548951049
0.517361111111
0.530724137931
0.525616438356
0.525289115646
0.520202702703
0.533473154362
0.525816666667
0.53142384106
0.524078947368
0.528316993464
0.536071428571
0.519419354839
0.525400641026
0.525015923567
0.531202531646
0.52820754717
0.525375
0.529378881988
0.51975308642
0.524846625767
0.529634146341
0.521333333333
0.525768072289
0.529251497006
0.526205357143
0.531642011834
0.528485294118
0.529269005848
0.522761627907
0.521069364162
0.527586206897
0.523628571429
0.529232954545
0.524788135593
0.527078651685
0.522946927374
0.534
0.528011049724
0.524615384615
0.527609289617
0.533872282609
0.523567567568
0.525819892473
0.522098930481
0.520638297872
0.532354497354
0.527513157895
0.525471204188
0.530364583333
0.52329015544
0.534922680412
0.525717948718
0.527806122449
0.522246192893
0.528876262626
0.521771356784
