0.47
0.54125
0.544166666667
0.5975
0.5445
0.547083333333
0.565714285714
0.6034375
0.584722222222
0.59375
0.562954545455
0.576666666667
0.559038461538
0.572678571429
0.5805
0.595
0.574852941176
0.590555555556
0.572236842105
0.582375
0.562023809524
0.578068181818
0.572391304348
0.571875
0.5787
0.577211538462
0.563148148148
0.571785714286
0.580172413793
0.567916666667
0.567580645161
0.561015625
0.572575757576
0.574117647059
0.5865
0.574236111111
0.569864864865
0.565394736842
0.579294871795
0.579375
0.575914634146
0.580238095238
0.563430232558
0.568920454545
0.569944444444
0.571630434783
0.570265957447
0.57265625
0.584795918367
0.5663
0.571421568627
0.574807692308
0.570754716981
0.58875
0.570818181818
0.585803571429
0.57798245614
0.574396551724
0.566737288136
0.570583333333
0.568237704918
0.578991935484
0.57123015873
0.5699609375
0.586384615385
0.570303030303
0.571492537313
0.586470588235
0.567427536232
0.572892857143
0.577007042254
0.572118055556
0.584897260274
0.580033783784
0.572433333333
0.579703947368
0.567045454545
0.580480769231
0.578734177215
0.570375
0.574104938272
0.577256097561
0.571957831325
0.570119047619
0.566705882353
0.570087209302
0.579482758621
0.572386363636
0.588033707865
0.579
0.565521978022
0.574755434783
0.569489247312
0.570026595745
0.570526315789
0.578125
0.575051546392
0.565306122449
0.57053030303
0.56695
0.572995049505
0.570710784314
0.569101941748
0.573461538462
0.576095238095
0.571556603774
0.570210280374
0.576365740741
0.574931192661
0.571818181818
0.575292792793
0.566339285714
0.572699115044
0.57576754386
0.579760869565
0.578793103448
0.574337606838
0.579936440678
0.574831932773
0.574041666667
0.56326446281
0.57606557377
0.561260162602
0.571915322581
0.58272
0.575119047619
0.571712598425
0.57677734375
0.570775193798
0.573096153846
0.57320610687
0.583314393939
0.569266917293
0.570970149254
0.571907407407
0.572591911765
0.569835766423
0.571539855072
0.569694244604
0.569785714286
0.576666666667
0.573116197183
0.568916083916
0.573402777778
0.561637931034
0.56654109589
0.567619047619
0.576300675676
0.572634228188
0.5726
0.568079470199
0.572779605263
0.575408496732
0.580016233766
0.5805
0.567948717949
0.574060509554
0.579952531646
0.570047169811
0.57375
0.579968944099
0.573611111111
0.569202453988
0.568597560976
0.577121212121
0.572635542169
0.567904191617
0.56505952381
0.573387573964
0.573867647059
0.572880116959
0.576104651163
0.567341040462
0.565876436782
0.566285714286
0.576463068182
0.561652542373
0.563707865169
0.563589385475
0.56875
0.569516574586
0.569052197802
0.568770491803
0.569864130435
0.575324324324
0.568669354839
0.576497326203
0.575518617021
0.57164021164
0.574131578947
0.570117801047
0.566171875
0.571852331606
0.569458762887
0.566448717949
0.56931122449
0.564137055838
0.567563131313
0.569874371859
