0.4975
0.51875
0.549166666667
0.573125
0.556
0.587083333333
0.554642857143
0.6071875
0.582222222222
0.57875
0.588409090909
0.565833333333
0.548653846154
0.558035714286
0.566166666667
0.56140625
0.574558823529
0.555694444444
0.534605263158
0.587
0.55869047619
0.547613636364
0.548043478261
0.555625
0.5598
0.556538461538
0.554537037037
0.549910714286
0.569310344828
0.540083333333
0.544596774194
0.552421875
0.555833333333
0.525808823529
0.538214285714
0.556041666667
0.534391891892
0.536447368421
0.538269230769
0.5370625
0.526463414634
0.539761904762
0.553081395349
0.546704545455
0.551555555556
0.537554347826
0.535691489362
0.529479166667
0.540510204082
0.53955
0.519950980392
0.547740384615
0.540518867925
0.536435185185
0.534636363636
0.537455357143
0.533947368421
0.525
0.538347457627
0.54125
0.546516393443
0.538709677419
0.52496031746
0.5304296875
0.531692307692
0.528371212121
0.537089552239
0.529595588235
0.533550724638
0.541928571429
0.530316901408
0.523298611111
0.532328767123
0.531081081081
0.532733333333
0.534605263158
0.532792207792
0.541858974359
0.538765822785
0.53475
0.529382716049
0.535670731707
0.528885542169
0.530773809524
0.5345
0.529680232558
0.525057471264
0.534318181818
0.529915730337
0.537277777778
0.530164835165
0.524510869565
0.541317204301
0.536329787234
0.533526315789
0.528359375
0.535979381443
0.534591836735
0.527626262626
0.53675
0.530618811881
0.534656862745
0.529587378641
0.538798076923
0.542023809524
0.541556603774
0.524299065421
0.519027777778
0.529885321101
0.532568181818
0.533806306306
0.522209821429
0.535331858407
0.531557017544
0.533347826087
0.537435344828
0.526217948718
0.532288135593
0.528088235294
0.526145833333
0.522665289256
0.528913934426
0.528841463415
0.530262096774
0.52658
0.523273809524
0.527539370079
0.534375
0.533468992248
0.523403846154
0.528778625954
0.529943181818
0.525432330827
0.533582089552
0.52437037037
0.535882352941
0.535072992701
0.531757246377
0.526654676259
0.529285714286
0.524680851064
0.525915492958
0.528164335664
0.531458333333
0.535568965517
0.52426369863
0.522551020408
0.541233108108
0.527802013423
0.53195
0.531092715232
0.539325657895
0.523954248366
0.529626623377
0.530516129032
0.536330128205
0.528566878981
0.525965189873
0.529308176101
0.523390625
0.531086956522
0.534413580247
0.533052147239
0.536951219512
0.523606060606
0.537560240964
0.534790419162
0.524985119048
0.524822485207
0.525558823529
0.536359649123
0.53300872093
0.531156069364
0.528261494253
0.535457142857
0.530511363636
0.539449152542
0.53095505618
0.527402234637
0.524736111111
0.526533149171
0.53
0.528620218579
0.524429347826
0.528905405405
0.524529569892
0.529331550802
0.530664893617
0.524007936508
0.522644736842
0.532251308901
0.522395833333
0.527409326425
0.528015463918
0.526974358974
0.529119897959
0.53057106599
0.530643939394
0.535238693467
