0.5033333333333333
0.54
0.5005555555555555
0.5395833333333333
0.5503333333333333
0.5611111111111111
0.5695238095238095
0.5639583333333333
0.5742592592592594
0.5695
0.5660606060606059
0.5711111111111111
0.5748717948717949
0.5854761904761905
0.5824444444444444
0.5857291666666666
0.5897058823529412
0.5882407407407406
0.5916666666666667
0.5903333333333334
0.5918253968253969
0.5897727272727272
0.596231884057971
0.5990972222222223
0.5928666666666667
0.602948717948718
0.5833950617283952
0.5996428571428573
0.604425287356322
0.6042777777777777
0.6113978494623656
0.6093229166666667
0.6053535353535353
0.6121568627450982
0.6165238095238095
0.6048148148148147
0.6093243243243243
0.6227631578947368
0.6127777777777779
0.6092083333333334
0.6207317073170732
0.6164285714285714
0.6232558139534885
0.6097727272727272
0.6223703703703704
0.6208333333333332
0.617836879432624
0.6205555555555555
0.6250340136054422
0.6302333333333334
0.6104575163398693
0.6282051282051282
0.6201572327044026
0.6267592592592591
0.6293939393939394
0.627202380952381
0.6343274853801171
0.6328448275862069
0.6251412429378531
0.6238888888888888
0.6365027322404372
0.6209677419354838
0.630079365079365
0.641640625
0.6256666666666666
0.6337626262626261
0.6439054726368159
0.6343137254901959
0.6358212560386473
0.6299999999999999
0.643262910798122
0.6329629629629631
0.637283105022831
0.6443018018018017
0.6479777777777778
0.6438377192982457
0.6337012987012985
0.643034188034188
0.6467932489451477
0.6455416666666667
0.6447119341563786
0.6425
0.6416666666666666
0.6435714285714285
0.6496666666666666
0.6500968992248062
0.6475095785440611
0.6518560606060606
0.6487827715355805
0.6522777777777777
0.6425824175824175
0.6430797101449277
0.6528494623655914
0.6454787234042552
0.656140350877193
0.6522048611111111
0.6477663230240549
0.6561564625850339
0.6553367003367003
0.6559666666666666
0.6522442244224422
0.6443300653594772
0.6491909385113268
0.6523557692307692
0.6556349206349207
0.654245283018868
0.6579750778816199
0.6558641975308644
0.6560703363914372
0.6530909090909089
0.6576726726726725
0.6610863095238095
0.6591002949852508
0.6571491228070174
0.65931884057971
0.6603160919540231
0.659002849002849
0.6534322033898305
0.6662324929971989
0.6556666666666667
0.6561019283746556
0.6610792349726776
0.6565176151761517
0.657016129032258
0.66628
0.6576455026455026
0.6601049868766405
0.6619791666666668
0.6610335917312662
0.6627948717948717
0.659147582697201
0.6653535353535353
0.6703007518796992
0.6628109452736318
0.6653086419753086
0.6664460784313726
0.6603406326034064
0.6655193236714976
0.6731175059952038
0.662607142857143
0.6674704491725769
0.6646009389671361
0.6682051282051282
0.6709837962962963
0.6730344827586208
0.6643607305936073
0.6655215419501134
0.674009009009009
0.6744407158836689
0.6698666666666667
0.6700662251655629
0.6759868421052633
0.6695315904139434
0.6680411255411255
0.6758817204301074
0.6725747863247863
0.6732908704883227
0.6701687763713079
0.6731865828092243
0.6702291666666668
0.6695031055900621
0.6699691358024692
0.6785378323108385
0.676859756097561
0.6701313131313131
0.6739859437751005
0.6732135728542913
0.6763293650793651
0.6764398422090729
0.6783725490196079
0.6750877192982456
0.6765406976744187
0.6714547206165703
0.6753352490421457
0.6736666666666667
0.6727083333333334
0.6780790960451978
0.6714606741573034
0.6749813780260707
0.6698148148148148
0.6743370165745857
0.6788369963369962
0.6776047358834244
0.681394927536232
0.6773693693693693
0.6849641577060932
0.6792335115864527
0.6799556737588651
0.6816843033509699
0.6790877192982455
0.6763438045375219
0.6828993055555556
0.6824870466321243
0.6833419243986255
0.6773675213675214
0.6816411564625852
0.6837732656514381
0.6862289562289562
0.6837939698492461
0.6805166666666667
0.6787479270315092
0.6785973597359736
0.6803694581280788
0.6794035947712419
0.6852195121951221
0.6828398058252428
0.6838083735909823
0.6883092948717949
0.6884290271132376
0.6821984126984126
0.6909636650868879
0.6875235849056603
0.681924882629108
0.6877492211838007
0.6870232558139534
0.6867978395061728
0.6871812596006145
0.6835168195718654
0.6835235920852359
0.6846212121212122
0.683288084464555
0.6849324324324325
0.6864798206278026
0.6816889880952381
0.679725925925926
0.6902581120943952
0.6858663729809104
0.6923538011695904
0.6901528384279475
0.689659420289855
0.6880230880230881
0.6870905172413792
0.6922818311874105
0.6890170940170941
0.6858581560283689
0.689978813559322
0.6969057665260198
0.6927941176470588
0.6813877266387726
0.6893055555555556
0.6938796680497926
0.6872176308539946
0.6897873799725652
0.6897267759562842
0.6909115646258502
0.6893970189701897
0.6984210526315789
0.6930645161290323
0.6919745649263722
0.6938533333333332
0.693472775564409
0.6914087301587302
0.693695652173913
0.6921719160104987
0.6981764705882354
0.6957747395833334
0.6925162127107654
0.6903165374677003
0.6921428571428571
0.6906666666666668
0.6922669220945084
0.6936259541984733
0.69106463878327
0.6935227272727271
0.6978364779874214
0.6902819548872181
0.6918414481897628
0.6895273631840796
0.6925340768277571
0.6940246913580248
0.6935485854858549
0.6959252450980392
0.6985103785103784
0.6925182481751825
0.6982424242424242
0.6942572463768116
0.6989891696750903
0.6972601918465228
0.6956750298685782
0.6967202380952381
0.6999584816132859
0.6941193853427896
0.6902767962308598
0.6943779342723004
0.6891169590643275
0.6972727272727273
0.7010394889663182
0.6993287037037036
0.6971049596309112
0.7006494252873563
0.701282932416953
0.70162100456621
0.6992889647326508
0.7006462585034013
0.6964124293785311
0.6967680180180179
0.6977104377104377
0.6971979865771811
0.6949052396878485
0.699938888888889
0.697624584717608
0.6989238410596027
0.6982673267326732
0.6995175438596491
0.696775956284153
0.6982080610021786
0.6992996742671009
0.6982251082251083
0.6990399137001079
0.7024032258064516
0.7031136120042872
0.7018376068376069
0.7043556975505857
0.7038163481953291
0.6992275132275133
0.6990770042194093
0.7004837013669821
0.6964255765199162
0.7022518286311391
0.7006145833333333
0.7012720664589823
0.7022153209109732
0.6976109391124871
0.7006995884773662
0.7008923076923077
0.7012883435582822
0.7019724770642203
0.7060213414634146
0.7033282674772037
0.7030707070707071
0.7014904330312185
0.700140562248996
0.7040540540540541
0.7021057884231536
0.702179104477612
0.7028769841269842
0.7010781404549951
0.7058974358974359
0.6983874139626352
0.7026764705882352
0.7026344086021505
0.7027582846003898
0.7038143828960155
0.7036385658914729
0.7057777777777777
0.7012186897880539
0.7067867435158501
0.7056226053639847
0.7041260744985672
0.7006190476190477
0.7023409306742641
0.7052556818181818
0.7032908404154863
0.7021327683615819
0.703680751173709
0.7052528089887641
0.7030672268907563
0.707695530726257
0.7045403899721449
0.7059166666666666
0.7027239150507849
0.706671270718232
0.7038292011019284
0.7052564102564104
0.7036438356164383
0.7037704918032787
0.702384196185286
0.7034873188405797
0.7077732610659438
0.7095000000000001
0.7057906558849956
0.7055555555555556
0.7057506702412869
0.7056595365418895
0.7056177777777777
0.7092021276595744
0.7069142351900972
0.7075925925925927
0.7074362357080035
0.7095350877192983
0.7110586176727908
0.7067626527050611
0.7063315926892951
0.7039800347222221
0.7074675324675325
0.704477547495682
0.7087855297157625
0.7109621993127149
0.7054927163667524
0.710051282051282
0.7055498721227622
0.7086649659863946
0.7096310432569974
0.7108587140439934
0.7064599156118144
0.711043771043771
0.7120361041141896
0.7074832495812396
0.7077777777777777
