0.5166666666666667
0.48916666666666664
0.4877777777777778
0.5391666666666667
0.5453333333333333
0.5627777777777777
0.5526190476190476
0.5625
0.5666666666666667
0.5664999999999999
0.5683333333333334
0.5765277777777779
0.5779487179487179
0.5790476190476189
0.5913333333333333
0.591875
0.5881372549019608
0.5799074074074074
0.5844736842105264
0.5883333333333334
0.5874603174603175
0.5942424242424242
0.5842753623188406
0.6033333333333334
0.5946
0.6001282051282051
0.5749382716049384
0.5861904761904763
0.5985057471264368
0.5957222222222222
0.5943548387096775
0.6058333333333334
0.6075252525252525
0.6033333333333333
0.6114761904761904
0.6015277777777779
0.5977477477477476
0.6105263157894736
0.6013675213675215
0.6025833333333332
0.6047560975609756
0.6019444444444446
0.6059689922480621
0.5992045454545454
0.6054074074074075
0.6015942028985509
0.6141489361702127
0.6129166666666667
0.601156462585034
0.6090000000000001
0.6128758169934642
0.6117307692307692
0.6110691823899371
0.6175308641975309
0.6096060606060605
0.6161904761904761
0.6048830409356724
0.6057471264367816
0.6213276836158191
0.6161666666666668
0.6159289617486339
0.6057795698924733
0.6145767195767197
0.6114843750000001
0.6131282051282051
0.6095202020202021
0.6115422885572138
0.6204411764705882
0.614855072463768
0.6175
0.6131690140845071
0.6304398148148149
0.6161187214611872
0.6244144144144144
0.6121333333333333
0.6241008771929825
0.6254761904761906
0.6186965811965811
0.6272151898734177
0.62525
0.6185185185185186
0.6220528455284554
0.6197590361445783
0.6233531746031746
0.6240980392156863
0.6269961240310078
0.6316666666666666
0.6241666666666666
0.6288576779026217
0.6208888888888889
0.6242857142857144
0.623731884057971
0.6260035842293907
0.6268794326241135
0.6171228070175439
0.6251041666666667
0.63
0.6344897959183673
0.6208585858585858
0.6295166666666667
0.6291419141914191
0.6304084967320261
0.6296440129449838
0.6293429487179486
0.6231428571428571
0.6283490566037735
0.6212149532710282
0.6348456790123456
0.6315290519877677
0.6301363636363636
0.634054054054054
0.6310416666666666
0.6327138643067847
0.6351754385964912
0.6266811594202899
0.6308189655172415
0.6213675213675213
0.6331638418079096
0.630252100840336
0.6284583333333333
0.6329338842975206
0.6246994535519125
0.6304336043360433
0.6388978494623656
0.6335333333333334
0.6336111111111111
0.6306430446194227
0.6319531249999999
0.6323514211886305
0.6321153846153846
0.6390839694656488
0.6304419191919192
0.6250250626566416
0.6347761194029851
0.6390740740740741
0.6279411764705882
0.628698296836983
0.6384541062801934
0.6298681055155876
0.6272380952380953
0.6389952718676124
0.6338967136150234
0.6312820512820513
0.6382986111111111
0.6338620689655172
0.6321575342465753
0.637471655328798
0.6353828828828828
0.6283892617449665
0.6359222222222223
0.6424724061810154
0.6352083333333334
0.6330610021786492
0.6404004329004328
0.6390215053763442
0.6387179487179487
0.636656050955414
0.6401582278481013
0.6423584905660377
0.6360520833333332
0.6348136645962734
0.6516872427983539
0.639478527607362
0.6439735772357723
0.6395656565656566
0.6398293172690763
0.6403293413173652
0.6434523809523809
0.6406607495069034
0.6363039215686274
0.6361988304093567
0.6383720930232558
0.6437379576107899
0.633448275862069
0.6409428571428571
0.6447348484848484
0.6375800376647834
0.6351966292134832
0.6327746741154563
0.640824074074074
0.6415285451197053
0.6351739926739928
0.6384699453551913
0.6442028985507247
0.6391081081081081
0.646173835125448
0.6426114081996435
0.629991134751773
0.6461992945326278
0.6416140350877194
0.6447294938917976
0.6407378472222223
0.6405526770293609
0.6394243986254294
0.6432051282051282
0.640076530612245
0.6454737732656515
0.6445117845117846
0.6379815745393634
0.6437333333333334
0.6380679933665008
0.6434240924092409
0.6372824302134648
0.6405555555555557
0.6412357723577237
0.6435436893203886
0.6391384863123992
0.6393990384615384
0.6485486443381181
0.6469206349206349
0.6447156398104267
0.6485298742138366
0.6465884194053207
0.6393457943925234
0.6473255813953489
0.641388888888889
0.6348617511520737
0.6506116207951069
0.6421917808219177
0.6510378787878788
0.6389291101055806
0.648078078078078
0.6465545590433481
0.6413169642857143
0.6473629629629629
0.6545353982300885
0.6419970631424375
0.64046783625731
0.643326055312955
0.6480289855072463
0.6455988455988457
0.642808908045977
0.6507439198855507
0.6453774928774928
0.6454113475177305
0.64375
0.6511251758087201
0.6388305322128851
0.6407601115760111
0.656451388888889
0.6482157676348549
0.645874655647383
0.6409670781893004
0.652561475409836
0.6479795918367347
0.6519715447154473
0.6470445344129554
0.6481922043010753
0.6497523427041499
0.6484
0.6438579017264277
0.6459126984126984
0.6553162055335969
0.6469225721784777
0.6529673202614379
0.6486848958333333
0.6542282749675745
0.6446317829457364
0.6453410553410552
0.6529230769230769
0.6478544061302682
0.643854961832061
0.6565462610899874
0.6484848484848484
0.6467987421383646
0.6480827067669173
0.6461860174781524
0.6467537313432835
0.6514622057001239
0.6585679012345679
0.6511008610086101
0.6526348039215687
0.6481501831501831
0.6557360097323601
0.6485151515151515
0.6490338164251207
0.6502045728038507
0.6502038369304556
0.6503584229390681
0.6470476190476191
0.6470284697508897
0.6495153664302601
0.6465842167255595
0.6481514084507043
0.6548947368421052
0.6536713286713286
0.6511672473867596
0.6560706018518518
0.6521914648212227
0.650051724137931
0.6509679266895761
0.645804794520548
0.6584414106939703
0.6491609977324263
0.6597627118644067
0.6511373873873875
0.6558698092031425
0.6526565995525727
0.648695652173913
0.6422666666666667
0.6542358803986711
0.6516114790286974
0.6495599559955997
0.6458388157894737
0.6532295081967212
0.6551851851851852
0.6562975027144408
0.6552272727272728
0.6518554476806904
0.6549731182795699
0.6512057877813505
0.6581143162393162
0.6557401490947817
0.6548407643312102
0.6497142857142857
0.6493354430379747
0.6529600420609885
0.6464779874213837
0.6503970741901777
0.6553697916666668
0.6519158878504673
0.6571376811594203
0.6539576883384933
0.6530144032921811
0.6533589743589744
0.6566513292433538
0.6591437308868502
0.6516971544715447
0.6605521783181357
0.6556868686868687
0.6541691842900302
0.6543574297188756
0.65001001001001
0.6466067864271458
0.6574427860696518
0.652579365079365
0.6541740850642928
0.647396449704142
0.6551278269419862
0.6480294117647059
0.6460752688172043
0.6572563352826511
0.6572157434402333
0.6559980620155039
0.654207729468599
0.6534200385356455
0.6513016330451489
0.6507136015325671
0.6572301814708692
0.6549047619047619
0.6525878442545109
0.6568797348484849
0.6555665722379603
0.6477024482109228
0.6577276995305165
0.656132958801498
0.6599859943977592
0.6562383612662942
0.6544196843082637
0.6514629629629629
0.657409972299169
0.656367403314917
0.6592607897153352
0.6519826007326007
0.6486575342465754
0.6528825136612021
0.6498138056312444
0.6566259057971015
0.6456910569105692
0.6588198198198197
0.656774483378257
0.6623835125448028
0.6560589812332439
0.6566131907308378
0.6544044444444446
0.6591843971631205
0.6584084880636605
0.6564682539682539
0.654740545294635
0.6549956140350878
0.6597812773403324
0.6583289703315882
0.657993907745866
0.6551215277777779
0.6572337662337662
0.6587089810017271
0.6576744186046511
0.6654338487972508
0.6582776349614395
0.657594017094017
0.6603665814151749
0.6520408163265305
0.6556488549618321
0.6569204737732658
0.6533839662447257
0.6540151515151515
0.6555541561712847
0.6595058626465662
0.6570885547201337
