0.455
0.5075
0.531666666667
0.549375
0.54
0.549166666667
0.545714285714
0.571875
0.570277777778
0.572
0.570909090909
0.573541666667
0.586153846154
0.565714285714
0.536166666667
0.56375
0.562352941176
0.562638888889
0.581052631579
0.564625
0.559404761905
0.545340909091
0.545869565217
0.560520833333
0.558
0.557884615385
0.54712962963
0.554196428571
0.542931034483
0.545583333333
0.551129032258
0.549453125
0.542878787879
0.531911764706
0.532785714286
0.545625
0.541081081081
0.558026315789
0.541474358974
0.530375
0.537195121951
0.553273809524
0.521976744186
0.52625
0.536444444444
0.529130434783
0.547393617021
0.528333333333
0.533112244898
0.5277
0.539803921569
0.529759615385
0.544198113208
0.526481481481
0.541
0.532946428571
0.528947368421
0.528146551724
0.540720338983
0.536333333333
0.538319672131
0.523870967742
0.53869047619
0.5244140625
0.525
0.532803030303
0.528992537313
0.538272058824
0.534094202899
0.531285714286
0.530915492958
0.533611111111
0.541061643836
0.530743243243
0.530433333333
0.525986842105
0.526071428571
0.530576923077
0.532373417722
0.5276875
0.529475308642
0.531036585366
0.531927710843
0.530357142857
0.526235294118
0.533779069767
0.5275
0.522528409091
0.530926966292
0.539916666667
0.529615384615
0.528722826087
0.52876344086
0.526569148936
0.525578947368
0.520911458333
0.528324742268
0.53012755102
0.527878787879
0.53225
0.523514851485
0.531568627451
0.53036407767
0.525985576923
0.52419047619
0.531627358491
0.535257009346
0.531388888889
0.535711009174
0.533181818182
0.527387387387
0.531852678571
0.529690265487
0.526929824561
0.530347826087
0.530043103448
0.526923076923
0.525423728814
0.524012605042
0.528854166667
0.529338842975
0.535471311475
0.530711382114
0.523951612903
0.5236
0.526904761905
0.529547244094
0.52798828125
0.527829457364
0.525423076923
0.524179389313
0.521666666667
0.526503759398
0.529645522388
0.524462962963
0.514080882353
0.51901459854
0.524474637681
0.525845323741
0.520285714286
0.529166666667
0.521038732394
0.524667832168
0.525173611111
0.531137931034
0.519195205479
0.522925170068
0.523445945946
0.524395973154
0.5343
0.535645695364
0.523963815789
0.52704248366
0.512467532468
0.528774193548
0.520256410256
0.519474522293
0.519588607595
0.526242138365
0.521015625
0.531211180124
0.524537037037
0.522714723926
0.522240853659
0.52553030303
0.528704819277
0.522634730539
0.521741071429
0.526967455621
0.52475
0.526330409357
0.530915697674
0.517702312139
0.523117816092
0.523442857143
0.524815340909
0.520974576271
0.519353932584
0.521997206704
0.528194444444
0.522803867403
0.518818681319
0.527718579235
0.523274456522
0.524189189189
0.525470430108
0.528395721925
0.530066489362
0.527605820106
0.524407894737
0.522958115183
0.5243359375
0.522215025907
0.527409793814
0.520705128205
0.517767857143
0.522906091371
0.518901515152
0.523278894472
