0.4816666666666667
0.5091666666666667
0.52
0.5129166666666667
0.5566666666666668
0.5552777777777778
0.550952380952381
0.56375
0.5705555555555555
0.5926666666666666
0.5743939393939395
0.5972222222222222
0.5958974358974358
0.5816666666666668
0.5998888888888889
0.604375
0.5993137254901961
0.5958333333333334
0.6012280701754387
0.6076666666666667
0.6036507936507937
0.618030303030303
0.6135507246376811
0.6090972222222222
0.6190666666666665
0.6174999999999999
0.619320987654321
0.6053571428571428
0.6293103448275862
0.6186666666666667
0.630967741935484
0.6240625
0.6209090909090909
0.6176470588235294
0.6243333333333333
0.6168981481481483
0.6247747747747747
0.6264912280701754
0.6286752136752137
0.632625
0.6263414634146341
0.6320238095238094
0.6359302325581395
0.6322727272727273
0.639888888888889
0.6281159420289854
0.6274468085106384
0.6290625
0.6426530612244898
0.6394666666666667
0.6308496732026143
0.6419230769230769
0.6357232704402516
0.6390432098765432
0.6425454545454546
0.6380357142857143
0.6421052631578947
0.6509770114942529
0.633954802259887
0.6379444444444446
0.6407103825136611
0.6423387096774194
0.6468253968253969
0.6459635416666667
0.6430512820512821
0.6396464646464646
0.6467661691542289
0.6489705882352939
0.6454830917874397
0.6462619047619047
0.6541314553990608
0.6497222222222222
0.6484018264840183
0.647635135135135
0.6565777777777777
0.6506798245614035
0.6455627705627707
0.6520299145299145
0.650717299578059
0.6464166666666666
0.653395061728395
0.6504674796747968
0.6461044176706828
0.6495039682539683
0.6544901960784314
0.6487209302325582
0.6459578544061303
0.649431818181818
0.6547752808988765
0.6504814814814815
0.6575824175824176
0.6531521739130435
0.6577240143369175
0.6519680851063829
0.651438596491228
0.6558333333333334
0.6530756013745704
0.6526700680272108
0.6554545454545455
0.65415
0.6495214521452144
0.6608823529411766
0.6477022653721684
0.6566666666666667
0.6616666666666666
0.6555345911949685
0.6582087227414328
0.659490740740741
0.6611162079510702
0.6512424242424242
0.6635135135135136
0.6622172619047619
0.660693215339233
0.6616520467836257
0.654144927536232
0.6596120689655173
0.6617378917378918
0.66545197740113
0.6672408963585432
0.6574722222222223
0.6612809917355372
0.6640573770491804
0.6646070460704607
0.6644354838709678
0.6669066666666665
0.6613492063492064
0.6601443569553807
0.6589192708333333
0.6630103359173127
0.6596153846153846
0.6579770992366412
0.6605429292929292
0.6575939849624061
0.6684577114427862
0.6682345679012345
0.6670343137254902
0.6580413625304137
0.6640096618357487
0.6668944844124699
0.6686428571428571
0.6687825059101655
0.6695892018779341
0.6640909090909091
0.6591550925925925
0.6642643678160919
0.663082191780822
0.6687981859410431
0.6678603603603603
0.6704921700223714
0.6656666666666667
0.6652869757174393
0.6658223684210526
0.6648148148148149
0.6629545454545455
0.6624193548387097
0.661602564102564
0.6634607218683651
0.6628270042194092
0.670607966457023
0.6618541666666666
0.6640786749482402
0.6675925925925926
0.6688445807770962
0.664908536585366
0.6676363636363636
0.6614056224899598
0.6671956087824351
0.667063492063492
0.671646942800789
0.6722156862745098
0.6631968810916179
0.66890503875969
0.6709344894026974
0.6687739463601533
0.6761142857142857
0.6629261363636364
0.6658003766478343
0.671685393258427
0.6673463687150838
0.6703148148148148
0.6786372007366483
0.6727106227106228
0.6637978142076503
0.6644836956521739
0.6675675675675675
0.6768189964157706
0.6750178253119431
0.6702482269503546
0.6694179894179894
0.6722280701754386
0.6750523560209424
0.6745486111111111
0.6696977547495682
0.6703006872852235
0.6712136752136751
0.6665646258503402
0.6737478849407784
0.6751683501683502
0.6720016750418761
0.6739583333333333
0.6709950248756219
0.6764356435643564
0.6675533661740558
0.6756127450980391
0.6814552845528454
0.6755097087378641
0.6704750402576488
0.6775961538461538
0.6739154704944177
0.6735476190476191
0.6729383886255924
0.6748191823899371
0.6787010954616588
0.6789485981308412
0.6762403100775193
0.67375
0.6743241167434715
0.6809556574923546
0.6783485540334856
0.6807575757575757
0.6700226244343893
0.6750450450450451
0.6739162929745891
0.6747916666666667
0.6716296296296297
0.6724557522123895
0.6808002936857563
0.6777777777777776
0.6749854439592431
0.6792608695652175
0.6724170274170274
0.6744396551724139
0.6689127324749643
0.6733048433048432
0.6756666666666665
0.6802259887005648
0.6839310829817158
0.6796148459383754
0.676213389121339
0.6726249999999999
0.6745228215767635
0.6727479338842974
0.6713305898491083
0.67125
0.6751904761904762
0.6756571815718158
0.6758434547908232
0.6749395161290322
0.6798058902275769
0.6711400000000001
0.6741102257636122
0.6793518518518519
0.6727206851119896
0.6704855643044619
0.6850130718954248
0.6790820312499999
0.6763035019455254
0.6791731266149871
0.6763513513513513
0.6768076923076923
0.6764623243933588
0.6785559796437659
0.6772686945500633
0.6804166666666667
0.6767987421383649
0.6812844611528822
0.678558052434457
0.6763246268656716
0.6771685254027261
0.6733888888888889
0.6731918819188192
0.6752083333333333
0.6775152625152625
0.6828284671532847
0.6823090909090909
0.6743659420289855
0.683598074608905
0.6722122302158273
0.6808064516129032
0.6786011904761905
0.68358837485172
0.6825709219858157
0.6794051825677268
0.682300469483568
0.678093567251462
0.6807925407925407
0.6817363530778165
0.6795659722222221
0.680524798154556
0.6750057471264368
0.6781328751431843
0.6816038812785388
0.6826222980659841
0.6792573696145124
0.6827344632768363
0.6824268018018018
0.6834287317620652
0.6761521252796421
0.6843534002229654
0.6833777777777778
0.6782059800664452
0.6802207505518764
0.6842794279427943
0.6812225877192982
0.6814098360655737
0.6787854030501088
0.6796254071661237
0.6833712121212122
0.6819417475728156
0.680494623655914
0.6860342979635584
0.6792574786324787
0.6829020234291799
0.6828025477707006
0.6818042328042327
0.6774419831223628
0.680168243953733
0.6883909853249476
0.6833594566353187
0.682109375
0.6865057113187955
0.678027950310559
0.6759029927760578
0.6820267489711935
0.6868205128205127
0.6801124744376278
0.6871457696228339
0.6795680894308942
0.686322188449848
0.6852828282828283
0.6823867069486405
0.6815010040160643
0.6799799799799799
0.6822604790419161
0.6829701492537313
0.683655753968254
0.6906973293768547
0.6761637080867849
0.6848623402163225
0.6860196078431373
0.6781720430107526
0.6814863547758284
0.6791302235179786
0.6901162790697675
0.6876376811594204
0.6822398843930636
0.6845244956772334
0.6859243295019156
0.6845415472779369
0.6874809523809523
0.6872554605887939
0.6855681818181818
0.6863078375826251
0.6821939736346516
0.6830281690140846
0.6791947565543072
0.6831699346405228
0.6844459962756053
0.6840111420612814
0.6883796296296297
0.6812234533702678
0.6843692449355433
0.6872773186409551
0.6753708791208791
0.6873196347031963
0.6831921675774134
0.6886648501362398
0.686304347826087
0.685903342366757
0.6874324324324325
0.6855076370170711
0.6812768817204301
0.6939767649687221
0.6850222816399286
0.6861377777777778
0.6807225177304965
0.6888815207780726
0.6829012345679012
0.687669305189094
0.6839342105263158
0.6842869641294838
0.6848734729493892
0.6861444734551785
0.6850173611111111
0.6887229437229436
0.6880526770293609
0.6890353143841516
0.6876460481099657
0.688508997429306
0.6888034188034188
0.681619778346121
0.6861862244897958
0.6873833757421544
0.6808079526226735
0.6864936708860758
0.6854503367003365
0.6879806884970613
0.6926591289782243
0.6871846282372598
